8
coronavirus 0.0 79.328431221095 68.54195795277518 83.34266614405853 63.35613624582863 72.19418259112018 68.98550572402873 61.44916598294886
adenovirus 79.328431221095 0.0 75.55792479945436 78.40280607223188 71.37926869897169 75.02666192761077 78.87965517166008 74.38413809408563
U18337.1 68.54195795277518 75.55792479945436 0.0 76.51143705355429 58.73670062235365 67.17142249498666 69.26037828369117 57.56735185849702
herpesvirus 83.34266614405853 78.40280607223188 76.51143705355429 0.0 70.76722405181653 77.87168933572714 87.46999485537883 79.68688725254614
Lactococcus_phage 63.35613624582863 71.37926869897169 58.73670062235365 70.76722405181653 0.0 65.22269543648132 69.66347680097513 56.72741841473134
KM389305.1 72.19418259112018 75.02666192761077 67.17142249498666 77.87168933572714 65.22269543648132 0.0 71.35124385741288 65.43699259593154
NC_028697.1 68.98550572402873 78.87965517166008 69.26037828369117 87.46999485537883 69.66347680097513 71.35124385741288 0.0 56.806689746895124
KC821626.1 61.44916598294886 74.38413809408563 57.56735185849702 79.68688725254614 56.72741841473134 65.43699259593154 56.806689746895124 0.0