8
coronavirus 0.0 69.62039930939781 59.49789912257407 66.9925368977769 54.258639865002145 65.20736154760442 62.39390995922599 53.14132102234569
adenovirus 69.62039930939781 0.0 68.16890786861705 74.82646590612174 63.694583757176716 73.35529974037323 70.51241025521678 62.44197306299666
U18337.1 59.49789912257407 68.16890786861705 0.0 65.49809157525127 52.53570214625479 63.85922016435841 60.390396587537 50.872389367907616
herpesvirus 66.9925368977769 74.82646590612174 65.49809157525127 0.0 60.860496218811754 70.90839160494335 68.00735254367721 59.632206063502295
Lactococcus_phage 54.258639865002145 63.694583757176716 52.53570214625479 60.860496218811754 0.0 59.02541825349483 55.68662316930342 45.09988913511872
KM389305.1 65.20736154760442 73.35529974037323 63.85922016435841 70.90839160494335 59.02541825349483 0.0 66.44546636152086 57.96550698475775
NC_028697.1 62.39390995922599 70.51241025521678 60.390396587537 68.00735254367721 55.68662316930342 66.44546636152086 0.0 53.4696175411794
KC821626.1 53.14132102234569 62.44197306299666 50.872389367907616 59.632206063502295 45.09988913511872 57.96550698475775 53.4696175411794 0.0